
strategic_region={
	id=10
	name="STRATEGICREGION_10"
	provinces={
		138 202 218 236 463 613 922 940 997 1051 1114 1269 1547 1696 1769 1915 2177 2223 2284 2291 2436 2503 2567 2579 2657 2853 3208 3689 3710 3751 3843 3984 3985 4020 4148 6136 6161 6162 6185 6194 6218 6228 6242 6250 6275 6310 6344 6370 6394 6399 6438 6454 6471 6492 6493 6497 6531 6532 6538 6561 6569 6600 6601 6603 6629 6638 6639 6651 6655 6687 6716 6717 6745 6750 6751 6759 6780 6783 6821 11398 12453 13793 14740 15805 15809 15816 15818 
	}
	naval_terrain=water_shallow_sea
	weather={
	}
}
