
strategic_region={
	id=3
	name="STRATEGICREGION_3"
	provinces={
		160 187 227 593 595 827 1014 1021 1056 1069 1110 1373 1389 1394 1440 1545 1582 1819 1957 1975 1986 2059 2108 2222 2373 2381 2391 2435 2484 2546 2549 2566 2649 2682 2947 3098 3150 3206 3250 3284 3320 3371 3372 3375 3470 3494 3520 3528 3565 3644 3656 3726 3743 3931 4029 4035 4106 4145 5597 5602 5603 5674 5722 5723 5741 5756 5763 5776 5809 5810 5825 5828 5837 5847 5880 5881 5891 5892 5907 5908 5922 5942 5962 5965 5972 5989 6013 6014 6023 6024 6032 6040 6057 6075 6076 6080 6081 6099 6105 6123 6137 6163 6171 6195 6196 6197 6198 6219 6229 6238 6262 6276 6285 6306 6338 6339 6354 6361 6371 6381 6400 6411 6443 6451 6472 6498 6499 6504 6554 6576 6630 6640 6668 6681 6696 6725 6734 6760 6784 6822 6861 6868 6876 6898 6913 6939 6957 8009 8013 8014 8015 8019 8020 8023 8026 9583 11540 11608 11615 12321 13032 13546 13601 14703 14718 14733 14744 14748 15526 15529 15530 15531 15532 15534 15538 15539 15540 15541 15543 15546 15548 15549 15553 15577 
	}
	naval_terrain=water_shallow_sea
	weather={
	}
}
