
strategic_region={
	id=4
	name="STRATEGICREGION_4"
	provinces={
		163 170 388 401 565 681 701 885 1198 1256 1331 1431 1473 1694 1735 1784 1875 1952 1971 2028 2048 2068 2070 2358 2496 2563 2735 2742 3028 3082 3110 3126 3132 3178 3374 3388 3450 3533 3539 3641 3643 3657 3958 3968 3986 7183 7203 7247 7277 7297 7306 7347 7350 7355 7370 7378 7379 7382 7406 7407 7415 7418 7426 7438 7439 7448 7449 7461 7462 7472 7473 7475 7482 7511 7512 7545 7547 7553 7563 7576 7597 7599 8069 8093 12667 13056 15605 15610 15615 15618 15627 15628 15629 15631 15632 15633 15635 15846 
	}
	naval_terrain=water_fjords
	weather={
	}
}
