
strategic_region={
	id=6
	name="STRATEGICREGION_6"
	provinces={
		34 72 74 110 414 759 809 1026 1138 1168 1335 1349 1564 1719 1733 1947 2151 2182 2337 2412 2469 2653 2696 2702 2754 2775 2891 2962 3323 3486 3766 4038 4074 4135 4144 7368 7430 7442 7468 7481 7489 7492 7522 7527 7528 7551 7552 7559 7561 7562 7570 7575 7588 7590 7596 7598 7606 7611 7612 7619 7627 7633 8081 8082 8085 8096 9746 10123 11192 11693 12382 13533 14910 14911 15606 15617 15621 15622 15637 15641 15642 
	}
	naval_terrain=water_fjords
	weather={
	}
}
