
strategic_region={
	id=7
	name="STRATEGICREGION_7"
	provinces={
		38 99 147 308 456 492 528 572 631 718 876 996 999 1174 1181 1220 1257 1309 1342 1358 1365 1410 1437 1665 1681 1683 1686 1827 1861 1962 2010 2057 2283 2465 2508 2712 2969 2984 2986 2994 3066 3118 3186 3246 3262 3336 3349 3666 3673 3755 3797 3803 3869 3883 3929 3943 3978 4002 4042 4098 6805 6845 6852 6853 6867 6886 6887 6912 6921 6925 6938 6944 6945 6956 6961 6988 6989 6999 7000 7004 7021 7029 7048 7063 7066 7070 7075 7076 7089 7095 7101 7102 7106 7133 7139 7143 7149 7157 7158 7169 7173 7199 7207 7208 7224 7233 7246 7253 7269 7270 7283 7311 7340 8060 8061 8067 10489 15585 15586 15589 15604 15833 
	}
	naval_terrain=water_shallow_sea
	weather={
	}
}
